Tra: [ 0.41536575 -0.1166141   0.27843786]
 Rot: [[ 0.19460655  0.71443575  0.67208578]
 [-0.02184515 -0.68185247  0.73115733]
 [ 0.98062828 -0.15696982 -0.11708826]]
 Qtn: [-0.31450813  0.70596517  0.24526373  0.58526757]